 1    1   4.53
 1    2   -0
 1    3   -1.5
 1    5   -1.5
 1    9   -1.5
 2    1   -0.02
 2    2   1.28
 2    4   -0.4
 2    6   -0.4
 2    10   -0.4
 3    1   -1.5
 3    3   4.53
 3    4   -0
 3    7   -1.5
 3    11   -1.5
 4    2   -0.4
 4    3   -0.02
 4    4   1.28
 4    8   -0.4
 4    12   -0.4
 5    1   -1.5
 5    5   4.53
 5    6   -0
 5    7   -1.5
 5    13   -1.5
 6    2   -0.4
 6    5   -0.02
 6    6   1.28
 6    8   -0.4
 6    14   -0.4
 7    3   -1.5
 7    5   -1.5
 7    7   4.53
 7    8   -0
 7    15   -1.5
 8    4   -0.4
 8    6   -0.4
 8    7   -0.02
 8    8   1.28
 8    16   -0.4
 9    1   -1.5
 9    9   4.53
 9    10   -0
 9    11   -1.5
 9    13   -1.5
 10    2   -0.4
 10    9   -0.02
 10    10   1.28
 10    12   -0.4
 10    14   -0.4
 11    3   -1.5
 11    9   -1.5
 11    11   4.53
 11    12   -0
 11    15   -1.5
 12    4   -0.4
 12    10   -0.4
 12    11   -0.02
 12    12   1.28
 12    16   -0.4
 13    5   -1.5
 13    9   -1.5
 13    13   4.53
 13    14   -0
 13    15   -1.5
 14    6   -0.4
 14    10   -0.4
 14    13   -0.02
 14    14   1.28
 14    16   -0.4
 15    7   -1.5
 15    11   -1.5
 15    13   -1.5
 15    15   4.53
 15    16   -0
 16    8   -0.4
 16    12   -0.4
 16    14   -0.4
 16    15   -0.02
 16    16   1.28
