 1    1   0
 1    2   0.135
 2    1   0
 2    2   0.135
 3    3   0
 3    4   0.135
 4    3   0
 4    4   0.135
 5    5   0
 5    6   0.135
 6    5   0
 6    6   0.135
 7    7   0
 7    8   0.135
 8    7   0
 8    8   0.135
 9    9   0
 9    10   0.135
 10    9   0
 10    10   0.135
 11    11   0
 11    12   0.135
 12    11   0
 12    12   0.135
 13    13   0
 13    14   0.135
 14    13   0
 14    14   0.135
 15    15   0
 15    16   0.135
 16    15   0
 16    16   0.135
